5 0.834471 0.413428 0.085898 0.563604
5 0.739160 0.440371 0.064717 0.336572
5 0.675031 0.443905 0.109431 0.571555
2 0.615020 0.455389 0.044714 0.242933
2 0.512355 0.416943 0.061776 0.413465
2 0.474264 0.454828 0.028527 0.206953
2 0.449697 0.468198 0.043537 0.243816
2 0.392727 0.489841 0.037455 0.186396
2 0.374080 0.493375 0.064160 0.338339
2 0.304191 0.474354 0.060383 0.318077
4 0.110519 0.687688 0.053539 0.030030
4 0.030578 0.709921 0.045156 0.032455
1 0.049000 0.752252 0.014000 0.027027
1 0.994896 0.548272 0.010208 0.020573
2 0.276137 0.480565 0.044714 0.215548
1 0.242307 0.553887 0.014708 0.017668