5 0.500000 0.785428 1.000000 0.417145
5 0.560000 0.651943 0.880000 0.286219
5 0.605333 0.494763 0.789333 0.194473
0 0.492000 0.176929 0.376000 0.094141
0 0.445333 0.206000 0.224000 0.056000
0 0.857333 0.299120 0.285333 0.110240
0 0.900000 0.216000 0.194667 0.152000
3 0.436000 0.417000 0.066667 0.134000
3 0.586667 0.639000 0.122667 0.206000
3 0.262667 0.619000 0.168000 0.222000
5 0.388221 0.249989 0.156890 0.136021
0 0.076000 0.244848 0.152000 0.106304
0 0.230667 0.202000 0.205333 0.112000
0 0.157333 0.247000 0.154667 0.050000
3 0.746667 0.422000 0.069333 0.124000