2 0.865000 0.533333 0.094000 0.090667
2 0.842000 0.506908 0.016000 0.026184
2 0.856000 0.506667 0.012000 0.021333
2 0.863000 0.501333 0.010000 0.021333
2 0.806000 0.504000 0.012000 0.021333
7 0.766000 0.484000 0.060000 0.034667
2 0.497000 0.534667 0.118000 0.136000
2 0.250000 0.510667 0.060000 0.061333
2 0.078000 0.510667 0.044000 0.050667
2 0.614107 0.521893 0.064213 0.065546
2 0.478000 0.512000 0.036000 0.042667
2 0.450000 0.505333 0.036000 0.034667
7 0.538000 0.490372 0.040000 0.020744
7 0.560000 0.482667 0.044000 0.032000