5 0.925000 0.590426 0.106000 0.500000
5 0.819000 0.625000 0.102000 0.452128
5 0.435000 0.595745 0.138000 0.489362
5 0.241000 0.635638 0.090000 0.335106
5 0.030143 0.648918 0.060285 0.287197
5 0.503000 0.670213 0.070000 0.223404
5 0.684809 0.656915 0.049618 0.218085
5 0.617224 0.681680 0.038447 0.182508
5 0.430858 0.614767 0.069716 0.335917
5 0.291306 0.664894 0.050613 0.234043
0 0.363590 0.742049 0.060820 0.037290
5 0.768000 0.654255 0.088000 0.319149
5 0.740000 0.648936 0.068000 0.308511
5 0.963000 0.664894 0.066000 0.234043
1 0.900520 0.881031 0.013041 0.057086
1 0.536301 0.822502 0.011397 0.025702
1 0.252562 0.889387 0.010876 0.029736
1 0.322749 0.850575 0.013498 0.032892
1 0.532214 0.842085 0.011505 0.018359