3 0.806000 0.821250 0.128000 0.352500
3 0.647000 0.826250 0.134000 0.342500
3 0.486000 0.812500 0.144000 0.370000
3 0.142000 0.661250 0.048000 0.077500
3 0.371000 0.843750 0.098000 0.307500
3 0.204901 0.640097 0.053802 0.050194
3 0.123000 0.632500 0.046000 0.065000
5 0.285000 0.318750 0.086000 0.387500
0 0.587735 0.444276 0.123470 0.148551
0 0.948000 0.490000 0.104000 0.060000
3 0.975000 0.457500 0.026000 0.045000
3 0.939000 0.460000 0.030000 0.055000
3 0.914000 0.476250 0.032000 0.032500
0 0.975678 0.361254 0.044643 0.042509
8 0.678000 0.500000 0.056000 0.025000
3 0.910000 0.477500 0.016000 0.025000
0 0.770000 0.368750 0.060000 0.032500
0 0.842000 0.368750 0.044000 0.022500
0 0.884000 0.367500 0.044000 0.030000
0 0.923000 0.363750 0.042000 0.032500
1 0.713000 0.473715 0.050000 0.067571
0 0.853357 0.392668 0.092580 0.027385
1 0.968198 0.392226 0.012721 0.017668