0 0.793047 0.440000 0.054563 0.028000
4 0.691131 0.550025 0.139019 0.115951
4 0.283784 0.546000 0.135135 0.112000
3 0.454955 0.573000 0.225225 0.442000
3 0.049550 0.588000 0.093093 0.168000
3 0.298799 0.573000 0.069069 0.118000
3 0.663664 0.573000 0.054054 0.082000
3 0.626126 0.540000 0.045045 0.080000
1 0.611111 0.446000 0.027027 0.012000
0 0.741742 0.424000 0.018018 0.016000
0 0.938438 0.431000 0.021021 0.010000
0 0.082583 0.409000 0.015015 0.010000
0 0.013514 0.421000 0.027027 0.014000
1 0.308186 0.418714 0.014258 0.010572