0 0.409949 0.775806 0.319898 0.287611
0 0.596714 0.797436 0.097428 0.053538
0 0.043458 0.681027 0.082916 0.263388
6 0.381000 0.488327 0.646000 0.330012
0 0.874180 0.782667 0.100360 0.056000
0 0.285000 0.753333 0.122000 0.125333
0 0.574000 0.674667 0.096000 0.133333
0 0.676817 0.705448 0.085633 0.055771
0 0.782000 0.767049 0.108000 0.065901
0 0.957530 0.759499 0.076941 0.054335
1 0.511000 0.792000 0.018000 0.016000
1 0.521000 0.824000 0.018000 0.016000
1 0.622000 0.874667 0.028000 0.016000
1 0.687000 0.840000 0.030000 0.021333
1 0.671000 0.816000 0.022000 0.016000
1 0.158000 0.825333 0.024000 0.018667
1 0.168000 0.764000 0.012000 0.013333
1 0.201000 0.717333 0.022000 0.021333
1 0.230000 0.802667 0.020000 0.021333
1 0.210000 0.836000 0.020000 0.018667
1 0.217000 0.860000 0.014000 0.013333
1 0.257000 0.897333 0.030000 0.029333
1 0.048000 0.849333 0.020000 0.013333
1 0.007000 0.833333 0.014000 0.013333
1 0.652000 0.785333 0.012000 0.013333
1 0.745000 0.801333 0.018000 0.018667
1 0.917000 0.733333 0.010000 0.016000
9 0.596400 0.671378 0.177562 0.109541