0 0.691000 0.614667 0.262000 0.114667
4 0.213341 0.641670 0.246683 0.071326
4 0.885932 0.371466 0.153710 0.043286
4 0.719302 0.396201 0.172924 0.060954
4 0.563000 0.420000 0.218000 0.088000
4 0.539212 0.331812 0.106425 0.028956
4 0.081223 0.847269 0.158446 0.081463
4 0.046000 0.774558 0.092000 0.050883
4 0.332000 0.486667 0.208000 0.077333
4 0.378000 0.492000 0.180000 0.050667
4 0.521000 0.473333 0.170000 0.061333
4 0.359000 0.452000 0.198000 0.061333
4 0.652000 0.318667 0.120000 0.040000
4 0.747000 0.303461 0.102000 0.025588
4 0.819000 0.291927 0.102000 0.034521
0 0.051402 0.511926 0.102804 0.036219
0 0.874000 0.256000 0.088000 0.032000
0 0.711000 0.274667 0.078000 0.032000
0 0.949000 0.262667 0.074000 0.040000
0 0.979000 0.252000 0.038000 0.034667
4 0.036495 0.726148 0.072990 0.040636