0 0.683817 0.452739 0.143633 0.064488
4 0.813000 0.688163 0.262000 0.093640
0 0.449403 0.343198 0.070012 0.032686
5 0.891540 0.198578 0.083544 0.192951
9 0.160234 0.325062 0.056481 0.049523
9 0.712697 0.283127 0.049395 0.027385
9 0.093054 0.310954 0.046109 0.072438
9 0.398000 0.321970 0.064000 0.043339
0 0.832292 0.272504 0.047416 0.034497
4 0.702152 0.665165 0.303697 0.093093
4 0.764415 0.852473 0.204830 0.173145
4 0.418515 0.800998 0.513032 0.196591
4 0.062173 0.787986 0.124345 0.189046
4 0.156013 0.754077 0.312026 0.179533
3 0.723000 0.423423 0.046000 0.078078
1 0.211768 0.336542 0.012464 0.017607
1 0.627629 0.301678 0.011259 0.013251